== TEST (2019-06-30 14:40:04) 
-- CODE:
from numpy import*
from numpy.linalg import*

matris=array([[0,2,11,6,15,11,1],[2,0,7,12,4,2,15],[11,7,0,11,8,3,13],[6,12,11,0,10,2,1],[15,4,8,10,0,5,13],[11,2,3,2,5,0,14],[1,15,13,1,13,14,0]])

i=int(input(""))
j=int(input(""))

d=i/111 -1
s=j/111 -1

x=f[d,s]
-- ERROR:
Traceback (most recent call last):
  File "XXXX", line 1, in <module>
    from numpy import*
ModuleNotFoundError: No module named 'numpy'
*-*-*-*-*-*-*-*-*-*-*-*-*-*-*-*-*-*-*-*-*-*-*-*
== TEST (2019-06-30 14:40:27) 
-- CODE:
from numpy import*
from numpy.linalg import*

matris=array([[0,2,11,6,15,11,1],[2,0,7,12,4,2,15],[11,7,0,11,8,3,13],[6,12,11,0,10,2,1],[15,4,8,10,0,5,13],[11,2,3,2,5,0,14],[1,15,13,1,13,14,0]])

i=int(input(""))
j=int(input(""))

d=i/111 -1
s=j/111 -1

x=matris[d,s]
-- ERROR:
Traceback (most recent call last):
  File "XXXX", line 1, in <module>
    from numpy import*
ModuleNotFoundError: No module named 'numpy'
*-*-*-*-*-*-*-*-*-*-*-*-*-*-*-*-*-*-*-*-*-*-*-*
== TEST (2019-06-30 14:40:33) 
-- CODE:
from numpy import*
from numpy.linalg import*

matris=array([[0,2,11,6,15,11,1],[2,0,7,12,4,2,15],[11,7,0,11,8,3,13],[6,12,11,0,10,2,1],[15,4,8,10,0,5,13],[11,2,3,2,5,0,14],[1,15,13,1,13,14,0]])

i=int(input(""))
j=int(input(""))

d=i/111 -1
s=j/111 -1

x=matris[d,s]
print(x)
-- ERROR:
Traceback (most recent call last):
  File "XXXX", line 1, in <module>
    from numpy import*
ModuleNotFoundError: No module named 'numpy'
*-*-*-*-*-*-*-*-*-*-*-*-*-*-*-*-*-*-*-*-*-*-*-*
== TEST (2019-06-30 14:41:22) 
-- CODE:
from numpy import*
from numpy.linalg import*

matris=array([[0,2,11,6,15,11,1],[2,0,7,12,4,2,15],[11,7,0,11,8,3,13],[6,12,11,0,10,2,1],[15,4,8,10,0,5,13],[11,2,3,2,5,0,14],[1,15,13,1,13,14,0]])

d=int(input(""))
s=int(input(""))

i=d/111 -1
j=s/111 -1

x=matris[i,j]
print(x)
-- ERROR:
Traceback (most recent call last):
  File "XXXX", line 1, in <module>
    from numpy import*
ModuleNotFoundError: No module named 'numpy'
*-*-*-*-*-*-*-*-*-*-*-*-*-*-*-*-*-*-*-*-*-*-*-*
== TEST (2019-06-30 14:41:28) 
-- CODE:
from numpy import*
from numpy.linalg import*

matris=array([[0,2,11,6,15,11,1],[2,0,7,12,4,2,15],[11,7,0,11,8,3,13],[6,12,11,0,10,2,1],[15,4,8,10,0,5,13],[11,2,3,2,5,0,14],[1,15,13,1,13,14,0]])

d=int(input(""))
s=int(input(""))

i=d/111 -1
j=s/111 -1

x=matris[i,j]
print(x)
-- ERROR:
Traceback (most recent call last):
  File "XXXX", line 1, in <module>
    from numpy import*
ModuleNotFoundError: No module named 'numpy'
*-*-*-*-*-*-*-*-*-*-*-*-*-*-*-*-*-*-*-*-*-*-*-*
== TEST (2019-06-30 14:43:16) 
-- CODE:
from numpy import*
from numpy.linalg import*

matris=array([[0,2,11,6,15,11,1]
				  ,[2,0,7,12,4,2,15]
				  ,[11,7,0,11,8,3,13]
				  ,[6,12,11,0,10,2,1]
				  ,[15,4,8,10,0,5,13]
				  ,[11,2,3,2,5,0,14]
				  ,[1,15,13,1,13,14,0]])

d=int(input(""))
s=int(input(""))

i=d/111 -1
j=s/111 -1

x=matris(i,j)
print(x)
-- ERROR:
Traceback (most recent call last):
  File "XXXX", line 1, in <module>
    from numpy import*
ModuleNotFoundError: No module named 'numpy'
*-*-*-*-*-*-*-*-*-*-*-*-*-*-*-*-*-*-*-*-*-*-*-*
== TEST (2019-06-30 14:44:05) 
-- CODE:
from numpy import*
from numpy.linalg import*

matris=array([[0,2,11,6,15,11,1]
				  ,[2,0,7,12,4,2,15]
				  ,[11,7,0,11,8,3,13]
				  ,[6,12,11,0,10,2,1]
				  ,[15,4,8,10,0,5,13]
				  ,[11,2,3,2,5,0,14]
				  ,[1,15,13,1,13,14,0]])

d=int(input(""))
s=int(input(""))

i=(d/111) - 1
j=(s/111) - 1

x=matris(i,j)
print(x)
-- ERROR:
Traceback (most recent call last):
  File "XXXX", line 1, in <module>
    from numpy import*
ModuleNotFoundError: No module named 'numpy'
*-*-*-*-*-*-*-*-*-*-*-*-*-*-*-*-*-*-*-*-*-*-*-*
== TEST (2019-06-30 14:44:20) 
-- CODE:
from numpy import*
from numpy.linalg import*

matris=array([[0,2,11,6,15,11,1]
				  ,[2,0,7,12,4,2,15]
				  ,[11,7,0,11,8,3,13]
				  ,[6,12,11,0,10,2,1]
				  ,[15,4,8,10,0,5,13]
				  ,[11,2,3,2,5,0,14]
				  ,[1,15,13,1,13,14,0]])

d=int(input(""))
s=int(input(""))

i=(d/111) - 1
j=(s/111) - 1

x=matris(i,j)
print(x)
print(i)
print(j)
-- ERROR:
Traceback (most recent call last):
  File "XXXX", line 1, in <module>
    from numpy import*
ModuleNotFoundError: No module named 'numpy'
*-*-*-*-*-*-*-*-*-*-*-*-*-*-*-*-*-*-*-*-*-*-*-*
== TEST (2019-06-30 14:44:31) 
-- CODE:
from numpy import*
from numpy.linalg import*

matris=array([[0,2,11,6,15,11,1]
				  ,[2,0,7,12,4,2,15]
				  ,[11,7,0,11,8,3,13]
				  ,[6,12,11,0,10,2,1]
				  ,[15,4,8,10,0,5,13]
				  ,[11,2,3,2,5,0,14]
				  ,[1,15,13,1,13,14,0]])

d=int(input(""))
s=int(input(""))

i=(d/111) - 1
j=(s/111) - 1

x=matris[i,j]
print(x)
print(i)
print(j)
-- ERROR:
Traceback (most recent call last):
  File "XXXX", line 1, in <module>
    from numpy import*
ModuleNotFoundError: No module named 'numpy'
*-*-*-*-*-*-*-*-*-*-*-*-*-*-*-*-*-*-*-*-*-*-*-*
== TEST (2019-06-30 14:44:37) 
-- CODE:
from numpy import*
from numpy.linalg import*

matris=array([[0,2,11,6,15,11,1]
				  ,[2,0,7,12,4,2,15]
				  ,[11,7,0,11,8,3,13]
				  ,[6,12,11,0,10,2,1]
				  ,[15,4,8,10,0,5,13]
				  ,[11,2,3,2,5,0,14]
				  ,[1,15,13,1,13,14,0]])

d=int(input(""))
s=int(input(""))

i=(d/111) - 1
j=(s/111) - 1


print(x)
print(i)
print(j)
-- ERROR:
Traceback (most recent call last):
  File "XXXX", line 1, in <module>
    from numpy import*
ModuleNotFoundError: No module named 'numpy'
*-*-*-*-*-*-*-*-*-*-*-*-*-*-*-*-*-*-*-*-*-*-*-*
== TEST (2019-06-30 14:44:44) 
-- CODE:
from numpy import*
from numpy.linalg import*

matris=array([[0,2,11,6,15,11,1]
				  ,[2,0,7,12,4,2,15]
				  ,[11,7,0,11,8,3,13]
				  ,[6,12,11,0,10,2,1]
				  ,[15,4,8,10,0,5,13]
				  ,[11,2,3,2,5,0,14]
				  ,[1,15,13,1,13,14,0]])

d=int(input(""))
s=int(input(""))

i=(d/111) - 1
j=(s/111) - 1



print(i)
print(j)
-- ERROR:
Traceback (most recent call last):
  File "XXXX", line 1, in <module>
    from numpy import*
ModuleNotFoundError: No module named 'numpy'
*-*-*-*-*-*-*-*-*-*-*-*-*-*-*-*-*-*-*-*-*-*-*-*
== TEST (2019-06-30 14:45:22) 
-- CODE:
from numpy import*
from numpy.linalg import*

matris=array([[0,2,11,6,15,11,1]
				  ,[2,0,7,12,4,2,15]
				  ,[11,7,0,11,8,3,13]
				  ,[6,12,11,0,10,2,1]
				  ,[15,4,8,10,0,5,13]
				  ,[11,2,3,2,5,0,14]
				  ,[1,15,13,1,13,14,0]])

d=int(input(""))
s=int(input(""))

i=(d/111) 
j=(s/111) 



print(i)
print(j)
-- ERROR:
Traceback (most recent call last):
  File "XXXX", line 1, in <module>
    from numpy import*
ModuleNotFoundError: No module named 'numpy'
*-*-*-*-*-*-*-*-*-*-*-*-*-*-*-*-*-*-*-*-*-*-*-*
== TEST (2019-06-30 14:45:37) 
-- CODE:
from numpy import*
from numpy.linalg import*

matris=array([[0,2,11,6,15,11,1]
				  ,[2,0,7,12,4,2,15]
				  ,[11,7,0,11,8,3,13]
				  ,[6,12,11,0,10,2,1]
				  ,[15,4,8,10,0,5,13]
				  ,[11,2,3,2,5,0,14]
				  ,[1,15,13,1,13,14,0]])

d=int(input(""))
s=int(input(""))

i=(d//111) 
j=(s//111) 



print(i)
print(j)
-- ERROR:
Traceback (most recent call last):
  File "XXXX", line 1, in <module>
    from numpy import*
ModuleNotFoundError: No module named 'numpy'
*-*-*-*-*-*-*-*-*-*-*-*-*-*-*-*-*-*-*-*-*-*-*-*
== TEST (2019-06-30 14:46:00) 
-- CODE:
from numpy import*
from numpy.linalg import*

matris=array([[0,2,11,6,15,11,1]
				  ,[2,0,7,12,4,2,15]
				  ,[11,7,0,11,8,3,13]
				  ,[6,12,11,0,10,2,1]
				  ,[15,4,8,10,0,5,13]
				  ,[11,2,3,2,5,0,14]
				  ,[1,15,13,1,13,14,0]])

d=int(input(""))
s=int(input(""))

i=(d//111) -1
j=(s//111) -1

x=matris[i,j]
print(x)
print(i)
print(j)
-- ERROR:
Traceback (most recent call last):
  File "XXXX", line 1, in <module>
    from numpy import*
ModuleNotFoundError: No module named 'numpy'
*-*-*-*-*-*-*-*-*-*-*-*-*-*-*-*-*-*-*-*-*-*-*-*
== SUBMITION (2019-06-30 14:46:11) 
-- CODE:
from numpy import*
from numpy.linalg import*

matris=array([[0,2,11,6,15,11,1]
				  ,[2,0,7,12,4,2,15]
				  ,[11,7,0,11,8,3,13]
				  ,[6,12,11,0,10,2,1]
				  ,[15,4,8,10,0,5,13]
				  ,[11,2,3,2,5,0,14]
				  ,[1,15,13,1,13,14,0]])

d=int(input(""))
s=int(input(""))

i=(d//111) -1
j=(s//111) -1

x=matris[i,j]
print(x)

-- EXECUTION TIME:
1.20916
-- TEST CASE 1:
---- input:
777
666
---- correct output:
14
---- user output:
14
-- TEST CASE 2:
---- input:
555
111
---- correct output:
15
---- user output:
15
-- TEST CASE 3:
---- input:
333
777
---- correct output:
13
---- user output:
13
-- GRADE:
100%
*-*-*-*-*-*-*-*-*-*-*-*-*-*-*-*-*-*-*-*-*-*-*-*
== TEST (2019-07-01 21:47:40) 
-- CODE:
from numpy import*
from numpy.linalg import*

matris=array([[0,2,11,6,15,11,1]
				  ,[2,0,7,12,4,2,15]
				  ,[11,7,0,11,8,3,13]
				  ,[6,12,11,0,10,2,1]
				  ,[15,4,8,10,0,5,13]
				  ,[11,2,3,2,5,0,14]
				  ,[1,15,13,1,13,14,0]])

d=int(input(""))
s=int(input(""))

i=(d//111) -1
j=(s//111) -1

x=sum(matris[i,j])
print(x)

-- ERROR:
Traceback (most recent call last):
  File "XXXX", line 1, in <module>
    from numpy import*
ModuleNotFoundError: No module named 'numpy'
*-*-*-*-*-*-*-*-*-*-*-*-*-*-*-*-*-*-*-*-*-*-*-*
