== TEST (2019-06-27 11:37:07) 
-- CODE:
from numpy import*
from numpy.linalg import*

distance_city=array([
	[0,2,11,6,15,11,1],
	[2,0,7,12,4,2,15],
	[11,7,0,11,8,3,13],
	[6,12,11,0,10,2,1],
	[15,4,8,10,0,5,13],
	[11,2,3,2,5,0,14],
	[1,15,13,1,13,14,0]])

cityA=int(input("city A: "))
cityB=int(input("city B: "))
cityA=(cityA%10)-1
cityB=(cityB%10)-1

print(distance_[cityA,cityB])
-- ERROR:
Traceback (most recent call last):
  File "XXXX", line 1, in <module>
    from numpy import*
ModuleNotFoundError: No module named 'numpy'
*-*-*-*-*-*-*-*-*-*-*-*-*-*-*-*-*-*-*-*-*-*-*-*
== TEST (2019-06-27 11:37:21) 
-- CODE:
from numpy import*
from numpy.linalg import*

distance_city=array([
	[0,2,11,6,15,11,1],
	[2,0,7,12,4,2,15],
	[11,7,0,11,8,3,13],
	[6,12,11,0,10,2,1],
	[15,4,8,10,0,5,13],
	[11,2,3,2,5,0,14],
	[1,15,13,1,13,14,0]])

cityA=int(input("city A: "))
cityB=int(input("city B: "))
cityA=(cityA%10)-1
cityB=(cityB%10)-1

print(distance_city[cityA,cityB])
-- ERROR:
Traceback (most recent call last):
  File "XXXX", line 1, in <module>
    from numpy import*
ModuleNotFoundError: No module named 'numpy'
*-*-*-*-*-*-*-*-*-*-*-*-*-*-*-*-*-*-*-*-*-*-*-*
== TEST (2019-06-27 11:37:26) 
-- CODE:
from numpy import*
from numpy.linalg import*

distance_city=array([
	[0,2,11,6,15,11,1],
	[2,0,7,12,4,2,15],
	[11,7,0,11,8,3,13],
	[6,12,11,0,10,2,1],
	[15,4,8,10,0,5,13],
	[11,2,3,2,5,0,14],
	[1,15,13,1,13,14,0]])

cityA=int(input("city A: "))
cityB=int(input("city B: "))
cityA=(cityA%10)-1
cityB=(cityB%10)-1

print(distance_city[cityA,cityB])
-- ERROR:
Traceback (most recent call last):
  File "XXXX", line 1, in <module>
    from numpy import*
ModuleNotFoundError: No module named 'numpy'
*-*-*-*-*-*-*-*-*-*-*-*-*-*-*-*-*-*-*-*-*-*-*-*
== SUBMITION (2019-06-27 11:37:38) 
-- CODE:
from numpy import*
from numpy.linalg import*

distance_city=array([
	[0,2,11,6,15,11,1],
	[2,0,7,12,4,2,15],
	[11,7,0,11,8,3,13],
	[6,12,11,0,10,2,1],
	[15,4,8,10,0,5,13],
	[11,2,3,2,5,0,14],
	[1,15,13,1,13,14,0]])

cityA=int(input("city A: "))
cityB=int(input("city B: "))
cityA=(cityA%10)-1
cityB=(cityB%10)-1

print(distance_city[cityA,cityB])
-- EXECUTION TIME:
1.30792
-- TEST CASE 1:
---- input:
777
666
---- correct output:
14
---- user output:
14
-- TEST CASE 2:
---- input:
555
111
---- correct output:
15
---- user output:
15
-- TEST CASE 3:
---- input:
333
777
---- correct output:
13
---- user output:
13
-- GRADE:
100%
*-*-*-*-*-*-*-*-*-*-*-*-*-*-*-*-*-*-*-*-*-*-*-*
== TEST (2019-06-27 15:16:36) 
-- CODE:
from numpy import*
from numpy.linalg import*

distance_city=array([
	[0,2,11,6,15,11,1],
	[2,0,7,12,4,2,15],
	[11,7,0,11,8,3,13],
	[6,12,11,0,10,2,1],
	[15,4,8,10,0,5,13],
	[11,2,3,2,5,0,14],
	[1,15,13,1,13,14,0]])

cityA=int(input("city A: "))
cityB=int(input("city B: "))
cityA=(cityA%10)-1
cityB=(cityB%10)-1

print(distance_city[cityA,cityB])
-- ERROR:
Traceback (most recent call last):
  File "XXXX", line 1, in <module>
    from numpy import*
ModuleNotFoundError: No module named 'numpy'
*-*-*-*-*-*-*-*-*-*-*-*-*-*-*-*-*-*-*-*-*-*-*-*
== TEST (2019-06-27 15:17:56) 
-- CODE:
from numpy import*
from numpy.linalg import*

distance_city=array([
	[0,2,11,6,15,11,1],
	[2,0,7,12,4,2,15],
	[11,7,0,11,8,3,13],
	[6,12,11,0,10,2,1],
	[15,4,8,10,0,5,13],
	[11,2,3,2,5,0,14],
	[1,15,13,1,13,14,0]])

cityA=int(input("city A: "))
cityB=int(input("city B: "))
cityA=(cityA%10)-1
cityB=(cityB%10)-1

print(distance_city[cityA,cityB])
-- ERROR:
Traceback (most recent call last):
  File "XXXX", line 1, in <module>
    from numpy import*
ModuleNotFoundError: No module named 'numpy'
*-*-*-*-*-*-*-*-*-*-*-*-*-*-*-*-*-*-*-*-*-*-*-*
== TEST (2019-06-27 15:20:38) 
-- CODE:
from numpy import*
from numpy.linalg import*

distance_city=array([
	[0,2,11,6,15,11,1],
	[2,0,7,12,4,2,15],
	[11,7,0,11,8,3,13],
	[6,12,11,0,10,2,1],
	[15,4,8,10,0,5,13],
	[11,2,3,2,5,0,14],
	[1,15,13,1,13,14,0]])

cityA=int(input("city A: "))
cityB=int(input("city B: "))
cityA=(cityA%10)-1
cityB=(cityB%10)-1

print(distance_city[cityA,cityB])
-- ERROR:
Traceback (most recent call last):
  File "XXXX", line 1, in <module>
    from numpy import*
ModuleNotFoundError: No module named 'numpy'
*-*-*-*-*-*-*-*-*-*-*-*-*-*-*-*-*-*-*-*-*-*-*-*
== TEST (2019-06-27 15:25:13) 
-- CODE:
from numpy import*
from numpy.linalg import*

distance_city=array([
	[0,2,11,6,15,11,1],
	[2,0,7,12,4,2,15],
	[11,7,0,11,8,3,13],
	[6,12,11,0,10,2,1],
	[15,4,8,10,0,5,13],
	[11,2,3,2,5,0,14],
	[1,15,13,1,13,14,0]])

cityA=int(input("city A: "))
cityB=int(input("city B: "))
cityA=(cityA%10)-1
cityB=(cityB%10)-1

print(distance_city[cityA,cityB])
-- ERROR:
Traceback (most recent call last):
  File "XXXX", line 1, in <module>
    from numpy import*
ModuleNotFoundError: No module named 'numpy'
*-*-*-*-*-*-*-*-*-*-*-*-*-*-*-*-*-*-*-*-*-*-*-*
