2019-3-26 18:22:59.248#viewportChange#0
2019-3-26 18:23:26.851#mousedown#{"isTrusted":true}
2019-3-26 18:23:26.859#focus#
2019-3-26 18:23:28.182#change#{"from":{"line":3,"ch":6,"sticky":"before","xRel":7.79998779296875},"to":{"line":3,"ch":6,"sticky":"before","xRel":7.79998779296875},"text":["var = input(\"Digite o nome: \")"],"removed":[""],"origin":"paste"}
2019-3-26 18:23:28.890#keyHandled#"Left"
2019-3-26 18:23:29.390#keyHandled#"Left"
2019-3-26 18:23:29.440#keyHandled#"Left"
2019-3-26 18:23:29.490#keyHandled#"Left"
2019-3-26 18:23:29.540#keyHandled#"Left"
2019-3-26 18:23:29.640#keyHandled#"Left"
2019-3-26 18:23:29.690#keyHandled#"Left"
2019-3-26 18:23:29.748#keyHandled#"Left"
2019-3-26 18:23:29.791#keyHandled#"Left"
2019-3-26 18:23:29.844#keyHandled#"Left"
2019-3-26 18:23:29.891#keyHandled#"Left"
2019-3-26 18:23:29.941#keyHandled#"Left"
2019-3-26 18:23:29.991#keyHandled#"Left"
2019-3-26 18:23:30.059#keyHandled#"Left"
2019-3-26 18:23:30.091#keyHandled#"Left"
2019-3-26 18:23:30.142#keyHandled#"Left"
2019-3-26 18:23:30.192#keyHandled#"Left"
2019-3-26 18:23:30.242#keyHandled#"Left"
2019-3-26 18:23:30.293#keyHandled#"Left"
2019-3-26 18:23:30.353#keyHandled#"Left"
2019-3-26 18:23:30.393#keyHandled#"Left"
2019-3-26 18:23:30.443#keyHandled#"Left"
2019-3-26 18:23:30.493#keyHandled#"Left"
2019-3-26 18:23:30.543#keyHandled#"Left"
2019-3-26 18:23:30.593#keyHandled#"Left"
2019-3-26 18:23:30.794#keyHandled#"Left"
2019-3-26 18:23:31.106#keyHandled#"Left"
2019-3-26 18:23:31.298#keyHandled#"Left"
2019-3-26 18:23:31.539#keyHandled#"Left"
2019-3-26 18:23:32.386#change#{"from":{"line":3,"ch":5,"sticky":"after"},"to":{"line":3,"ch":6,"sticky":"after"},"text":[""],"removed":[" "],"origin":"+delete"}
2019-3-26 18:23:32.386#keyHandled#"Backspace"
2019-3-26 18:23:32.603#change#{"from":{"line":3,"ch":4,"sticky":"after"},"to":{"line":3,"ch":5,"sticky":null},"text":[""],"removed":["="],"origin":"+delete"}
2019-3-26 18:23:32.603#keyHandled#"Backspace"
2019-3-26 18:23:32.770#change#{"from":{"line":3,"ch":3,"sticky":"after"},"to":{"line":3,"ch":4,"sticky":null},"text":[""],"removed":[" "],"origin":"+delete"}
2019-3-26 18:23:32.770#keyHandled#"Backspace"
2019-3-26 18:23:32.970#change#{"from":{"line":3,"ch":2,"sticky":"after"},"to":{"line":3,"ch":3,"sticky":null},"text":[""],"removed":["r"],"origin":"+delete"}
2019-3-26 18:23:32.970#keyHandled#"Backspace"
2019-3-26 18:23:33.316#change#{"from":{"line":3,"ch":1,"sticky":"after"},"to":{"line":3,"ch":2,"sticky":null},"text":[""],"removed":["a"],"origin":"+delete"}
2019-3-26 18:23:33.316#keyHandled#"Backspace"
2019-3-26 18:23:33.594#change#{"from":{"line":3,"ch":0,"sticky":"after"},"to":{"line":3,"ch":1,"sticky":null},"text":[""],"removed":["v"],"origin":"+delete"}
2019-3-26 18:23:33.594#keyHandled#"Backspace"
2019-3-26 18:23:47.846#blur#
2019-3-26 18:23:54.556#mousedown#{"isTrusted":true}
2019-3-26 18:23:54.565#focus#
2019-3-26 18:23:55.907#keyHandled#"Left"
2019-3-26 18:23:56.691#change#{"from":{"line":6,"ch":6,"sticky":"after"},"to":{"line":6,"ch":6,"sticky":"after"},"text":["v"],"removed":[""],"origin":"+input"}
2019-3-26 18:23:56.844#change#{"from":{"line":6,"ch":7,"sticky":null},"to":{"line":6,"ch":7,"sticky":null},"text":["a"],"removed":[""],"origin":"+input"}
2019-3-26 18:23:57.077#change#{"from":{"line":6,"ch":8,"sticky":null},"to":{"line":6,"ch":8,"sticky":null},"text":["r"],"removed":[""],"origin":"+input"}
2019-3-26 18:24:04.072#saida_testar#$ python3 main.py
2019-3-26 18:24:08.755#change#{"from":{"line":6,"ch":9,"sticky":null},"to":{"line":6,"ch":9,"sticky":null},"text":["p"],"removed":[""],"origin":"+input"}
2019-3-26 18:24:09.866#change#{"from":{"line":6,"ch":9,"sticky":"after"},"to":{"line":6,"ch":10,"sticky":null},"text":[""],"removed":["p"],"origin":"+delete"}
2019-3-26 18:24:09.866#keyHandled#"Backspace"
2019-3-26 18:24:11.344#blur#
2019-3-26 18:24:11.344#blur#
