== TEST (2019-07-01 00:08:01) 
-- CODE:
from numpy import*
n1=int(input("Digite a cidade 1: "))
n2=int(input("Digite a cidade 2: "))
mat=array([[0,2,11,6,15,11,1],[2,0,7,12,4,2,15],[11,7,0,11,8,3,13],[6,12,11,0,10,2,1],[15,4,8,10,0,5,13],[11,2,3,2,5,0,14],[1,15,13,1,13,14,0]])

for i in range(mat):
	for j in range(mat):
		if(n1==n2):
			print("0")
			
-- ERROR:
Traceback (most recent call last):
  File "XXXX", line 1, in <module>
    from numpy import*
ModuleNotFoundError: No module named 'numpy'
*-*-*-*-*-*-*-*-*-*-*-*-*-*-*-*-*-*-*-*-*-*-*-*
== TEST (2019-07-01 00:08:12) 
-- CODE:
from numpy import*
n1=int(input("Digite a cidade 1: "))
n2=int(input("Digite a cidade 2: "))
mat=array([[0,2,11,6,15,11,1],[2,0,7,12,4,2,15],[11,7,0,11,8,3,13],[6,12,11,0,10,2,1],[15,4,8,10,0,5,13],[11,2,3,2,5,0,14],[1,15,13,1,13,14,0]])

for i in range(mat):
	for j in range(mat):
		if(n1==n2):
			print("0")
			
-- ERROR:
Traceback (most recent call last):
  File "XXXX", line 1, in <module>
    from numpy import*
ModuleNotFoundError: No module named 'numpy'
*-*-*-*-*-*-*-*-*-*-*-*-*-*-*-*-*-*-*-*-*-*-*-*
== TEST (2019-07-01 00:08:46) 
-- CODE:
from numpy import*
n1=int(input("Digite a cidade 1: "))
n2=int(input("Digite a cidade 2: "))
mat=array([[0,2,11,6,15,11,1],[2,0,7,12,4,2,15],[11,7,0,11,8,3,13],[6,12,11,0,10,2,1],[15,4,8,10,0,5,13],[11,2,3,2,5,0,14],[1,15,13,1,13,14,0]])

for i in range(mat):
	for j in range(mat):
		if(n1==n2):
			print(mat[0,0])
			
-- ERROR:
Traceback (most recent call last):
  File "XXXX", line 1, in <module>
    from numpy import*
ModuleNotFoundError: No module named 'numpy'
*-*-*-*-*-*-*-*-*-*-*-*-*-*-*-*-*-*-*-*-*-*-*-*
== TEST (2019-07-01 18:48:54) 
-- CODE:
from numpy import*
from numpy.linalg import*

n1=int(input("Digite a cidade 1: "))
n2=int(input("Digite a cidade 2: "))
mat=array([[0,2,11,6,15,11,1],[2,0,7,12,4,2,15],[11,7,0,11,8,3,13],[6,12,11,0,10,2,1],[15,4,8,10,0,5,13],[11,2,3,2,5,0,14],[1,15,13,1,13,14,0]])

x=n1//111-1
y=n2//111-1

print(mat[x,y])
-- ERROR:
Traceback (most recent call last):
  File "XXXX", line 1, in <module>
    from numpy import*
ModuleNotFoundError: No module named 'numpy'
*-*-*-*-*-*-*-*-*-*-*-*-*-*-*-*-*-*-*-*-*-*-*-*
== SUBMITION (2019-07-01 18:49:21) 
-- CODE:
from numpy import*
from numpy.linalg import*

n1=int(input("Digite a cidade 1: "))
n2=int(input("Digite a cidade 2: "))
mat=array([[0,2,11,6,15,11,1],[2,0,7,12,4,2,15],[11,7,0,11,8,3,13],[6,12,11,0,10,2,1],[15,4,8,10,0,5,13],[11,2,3,2,5,0,14],[1,15,13,1,13,14,0]])

x=n1//111-1
y=n2//111-1

print(mat[x,y])
-- EXECUTION TIME:
1.20126
-- TEST CASE 1:
---- input:
777
666
---- correct output:
14
---- user output:
14
-- TEST CASE 2:
---- input:
555
111
---- correct output:
15
---- user output:
15
-- TEST CASE 3:
---- input:
333
777
---- correct output:
13
---- user output:
13
-- GRADE:
100%
*-*-*-*-*-*-*-*-*-*-*-*-*-*-*-*-*-*-*-*-*-*-*-*
== TEST (2019-07-01 18:49:28) 
-- CODE:
from numpy import*
from numpy.linalg import*

n1=int(input("Digite a cidade 1: "))
n2=int(input("Digite a cidade 2: "))
mat=array([[0,2,11,6,15,11,1],[2,0,7,12,4,2,15],[11,7,0,11,8,3,13],[6,12,11,0,10,2,1],[15,4,8,10,0,5,13],[11,2,3,2,5,0,14],[1,15,13,1,13,14,0]])

x=n1//111-1
y=n2//111-1

print(mat[x,y])
-- ERROR:
Traceback (most recent call last):
  File "XXXX", line 1, in <module>
    from numpy import*
ModuleNotFoundError: No module named 'numpy'
*-*-*-*-*-*-*-*-*-*-*-*-*-*-*-*-*-*-*-*-*-*-*-*
