== TEST (2019-06-25 12:59:55) 
-- CODE:
m=[
	[0,2,11,6,15,11,1],
	[2,0,7,12,4,2,15],
	[11,7,0,11,8,3,13],
	[6,12,11,0,10,2,1],
	[15,4,8,10,0,5,13],
	[11,2,3,2,5,0,14],
	[1,15,13,1,13,14,0]]

k=input("posicao linha:")
l=input("posicao coluna:")
f=0
d=0

while(k!= -1 or l!=-1):
	v=int(k[0])-1
	z=int(l[0])-1
	f+=v
	d+=z
	k=input("posicao linha:")
	l=input("posicao coluna:")
print(f+d)

-- ERROR:
Traceback (most recent call last):
  File "XXXX", line 21, in <module>
    l=input()
EOFError: EOF when reading a line
*-*-*-*-*-*-*-*-*-*-*-*-*-*-*-*-*-*-*-*-*-*-*-*
== TEST (2019-06-25 13:00:24) 
-- CODE:
m=[
	[0,2,11,6,15,11,1],
	[2,0,7,12,4,2,15],
	[11,7,0,11,8,3,13],
	[6,12,11,0,10,2,1],
	[15,4,8,10,0,5,13],
	[11,2,3,2,5,0,14],
	[1,15,13,1,13,14,0]]

k=input("posicao linha:")
l=input("posicao coluna:")
f=0
d=0

while(k!= -1 and l!=-1):
	v=int(k[0])-1
	z=int(l[0])-1
	f+=v
	d+=z
	k=input("posicao linha:")
	l=input("posicao coluna:")
print(f+d)

-- ERROR:
Traceback (most recent call last):
  File "XXXX", line 21, in <module>
    l=input()
EOFError: EOF when reading a line
*-*-*-*-*-*-*-*-*-*-*-*-*-*-*-*-*-*-*-*-*-*-*-*
== TEST (2019-06-25 13:01:26) 
-- CODE:
m=[
	[0,2,11,6,15,11,1],
	[2,0,7,12,4,2,15],
	[11,7,0,11,8,3,13],
	[6,12,11,0,10,2,1],
	[15,4,8,10,0,5,13],
	[11,2,3,2,5,0,14],
	[1,15,13,1,13,14,0]]

k=input("posicao linha:")
l=input("posicao coluna:")
f=0
d=0

while(k!= -1 and l!=-1):
	v=int(k[0])-1
	z=int(l[0])-1
	f+=v
	d+=z
	k=input("posicao linha:")
	l=input("posicao coluna:")
print(sum(m[f,d]))

-- ERROR:
Traceback (most recent call last):
  File "XXXX", line 21, in <module>
    l=input()
EOFError: EOF when reading a line
*-*-*-*-*-*-*-*-*-*-*-*-*-*-*-*-*-*-*-*-*-*-*-*
== TEST (2019-06-25 13:02:05) 
-- CODE:
m=[
	[0,2,11,6,15,11,1],
	[2,0,7,12,4,2,15],
	[11,7,0,11,8,3,13],
	[6,12,11,0,10,2,1],
	[15,4,8,10,0,5,13],
	[11,2,3,2,5,0,14],
	[1,15,13,1,13,14,0]]

k=input("posicao linha:")
l=input("posicao coluna:")
f=0
d=0

while(k!= -1 and l!=-1):
	v=int(k[0])-1
	z=int(l[0])-1
	f+=v
	d+=z
	k=input("posicao linha:")
	l=input("posicao coluna:")
print(sum(m[f,d]))

-- ERROR:
Traceback (most recent call last):
  File "XXXX", line 21, in <module>
    l=input()
EOFError: EOF when reading a line
*-*-*-*-*-*-*-*-*-*-*-*-*-*-*-*-*-*-*-*-*-*-*-*
== TEST (2019-06-25 13:02:11) 
-- CODE:
m=[
	[0,2,11,6,15,11,1],
	[2,0,7,12,4,2,15],
	[11,7,0,11,8,3,13],
	[6,12,11,0,10,2,1],
	[15,4,8,10,0,5,13],
	[11,2,3,2,5,0,14],
	[1,15,13,1,13,14,0]]

k=input("posicao linha:")
l=input("posicao coluna:")
f=0
d=0

while(k!= -1 and l!=-1):
	v=int(k[0])-1
	z=int(l[0])-1
	f+=v
	d+=z
	k=input("posicao linha:")
	l=input("posicao coluna:")
print(sum(m[f,d]))

-- ERROR:
Traceback (most recent call last):
  File "XXXX", line 21, in <module>
    l=input()
EOFError: EOF when reading a line
*-*-*-*-*-*-*-*-*-*-*-*-*-*-*-*-*-*-*-*-*-*-*-*
== TEST (2019-06-25 13:04:06) 
-- CODE:
m=[
	[0,2,11,6,15,11,1],
	[2,0,7,12,4,2,15],
	[11,7,0,11,8,3,13],
	[6,12,11,0,10,2,1],
	[15,4,8,10,0,5,13],
	[11,2,3,2,5,0,14],
	[1,15,13,1,13,14,0]]

k=input("posicao linha:")
l=input("posicao coluna:")
f=0
d=0

while(k!= -1 and l!=-1):
	v=int(k[1])-2
	z=int(l[1])-2
	f+=v
	d+=z
	k=input("posicao linha:")
	l=input("posicao coluna:")
print(sum(m[f,d]))

-- ERROR:
Traceback (most recent call last):
  File "XXXX", line 21, in <module>
    l=input()
EOFError: EOF when reading a line
*-*-*-*-*-*-*-*-*-*-*-*-*-*-*-*-*-*-*-*-*-*-*-*
== TEST (2019-06-25 13:04:22) 
-- CODE:
m=[
	[0,2,11,6,15,11,1],
	[2,0,7,12,4,2,15],
	[11,7,0,11,8,3,13],
	[6,12,11,0,10,2,1],
	[15,4,8,10,0,5,13],
	[11,2,3,2,5,0,14],
	[1,15,13,1,13,14,0]]

k=input("posicao linha:")
l=input("posicao coluna:")
f=0
d=0

while(k!= -1 and l!=-1):
	v=int(k[1])-2
	z=int(l[1])-2
	f+=v
	d+=z
	k=input("posicao linha:")
	l=input("posicao coluna:")
print(sum(m[f,d]))

-- ERROR:
Traceback (most recent call last):
  File "XXXX", line 21, in <module>
    l=input()
EOFError: EOF when reading a line
*-*-*-*-*-*-*-*-*-*-*-*-*-*-*-*-*-*-*-*-*-*-*-*
== TEST (2019-06-25 13:04:41) 
-- CODE:
m=[
	[0,2,11,6,15,11,1],
	[2,0,7,12,4,2,15],
	[11,7,0,11,8,3,13],
	[6,12,11,0,10,2,1],
	[15,4,8,10,0,5,13],
	[11,2,3,2,5,0,14],
	[1,15,13,1,13,14,0]]

k=input("posicao linha:")
l=input("posicao coluna:")
f=0
d=0

while(k!= -1):
	v=int(k[0])-1
	z=int(l[0])-1
	f+=v
	d+=z
	k=input("posicao linha:")
	l=input("posicao coluna:")
print(sum(m[f,d]))

-- ERROR:
Traceback (most recent call last):
  File "XXXX", line 21, in <module>
    l=input()
EOFError: EOF when reading a line
*-*-*-*-*-*-*-*-*-*-*-*-*-*-*-*-*-*-*-*-*-*-*-*
== TEST (2019-06-25 13:06:43) 
-- CODE:
m=[
	[0,2,11,6,15,11,1],
	[2,0,7,12,4,2,15],
	[11,7,0,11,8,3,13],
	[6,12,11,0,10,2,1],
	[15,4,8,10,0,5,13],
	[11,2,3,2,5,0,14],
	[1,15,13,1,13,14,0]]

k=input("posicao linha:")
l=input("posicao coluna:")

while(k!= -1):
	v=int(k[0])-1
	z=int(l[0])-1
	if(k==-1):
		print(sum(m[k][l]))
	else:
		k=input("posicao linha:")
		l=input("posicao coluna:")
	


-- ERROR:
Traceback (most recent call last):
  File "XXXX", line 20, in <module>
    l=input()
EOFError: EOF when reading a line
*-*-*-*-*-*-*-*-*-*-*-*-*-*-*-*-*-*-*-*-*-*-*-*
== TEST (2019-06-25 13:08:18) 
-- CODE:
m=[
	[0,2,11,6,15,11,1],
	[2,0,7,12,4,2,15],
	[11,7,0,11,8,3,13],
	[6,12,11,0,10,2,1],
	[15,4,8,10,0,5,13],
	[11,2,3,2,5,0,14],
	[1,15,13,1,13,14,0]]

k=input("posicao linha:")
l=input("posicao coluna:")

-- ERROR:
Traceback (most recent call last):
  File "XXXX", line 20, in <module>
    l=input()
EOFError: EOF when reading a line
*-*-*-*-*-*-*-*-*-*-*-*-*-*-*-*-*-*-*-*-*-*-*-*
== TEST (2019-06-25 13:16:39) 
-- CODE:
m=[
	[0,2,11,6,15,11,1],
	[2,0,7,12,4,2,15],
	[11,7,0,11,8,3,13],
	[6,12,11,0,10,2,1],
	[15,4,8,10,0,5,13],
	[11,2,3,2,5,0,14],
	[1,15,13,1,13,14,0]]

k=input("posicao linha:")
l=input("posicao coluna:")


while(k!=-1):
	v=int(k[0])-1
	l=int(l[0])-1
	k=input("posicao linha:")
	l=input("posicao coluna:")
print(m[k][l])
-- ERROR:
Traceback (most recent call last):
  File "XXXX", line 18, in <module>
    l=input()
EOFError: EOF when reading a line
*-*-*-*-*-*-*-*-*-*-*-*-*-*-*-*-*-*-*-*-*-*-*-*
== TEST (2019-06-25 13:19:21) 
-- CODE:
m=[
	[0,2,11,6,15,11,1],
	[2,0,7,12,4,2,15],
	[11,7,0,11,8,3,13],
	[6,12,11,0,10,2,1],
	[15,4,8,10,0,5,13],
	[11,2,3,2,5,0,14],
	[1,15,13,1,13,14,0]]

k=input("posicao linha:")
l=input("posicao coluna:")

print(m[k][l])
-- ERROR:
Traceback (most recent call last):
  File "XXXX", line 13, in <module>
    print(m[k][l])
TypeError: list indices must be integers or slices, not str
*-*-*-*-*-*-*-*-*-*-*-*-*-*-*-*-*-*-*-*-*-*-*-*
== TEST (2019-06-25 13:19:38) 
-- CODE:
m=	[
	[0,2,11,6,15,11,1],
	[2,0,7,12,4,2,15],
	[11,7,0,11,8,3,13],
	[6,12,11,0,10,2,1],
	[15,4,8,10,0,5,13],
	[11,2,3,2,5,0,14],
	[1,15,13,1,13,14,0]]

k=input("posicao linha:")
l=input("posicao coluna:")

print(m[k][l])
-- ERROR:
Traceback (most recent call last):
  File "XXXX", line 13, in <module>
    print(m[k][l])
TypeError: list indices must be integers or slices, not str
*-*-*-*-*-*-*-*-*-*-*-*-*-*-*-*-*-*-*-*-*-*-*-*
== TEST (2019-06-25 13:19:48) 
-- CODE:
m=	[
	[0,2,11,6,15,11,1],
	[2,0,7,12,4,2,15],
	[11,7,0,11,8,3,13],
	[6,12,11,0,10,2,1],
	[15,4,8,10,0,5,13],
	[11,2,3,2,5,0,14],
	[1,15,13,1,13,14,0]]

k=input("posicao linha:")
l=input("posicao coluna:")

print(m[k,l])
-- ERROR:
Traceback (most recent call last):
  File "XXXX", line 13, in <module>
    print(m[k,l])
TypeError: list indices must be integers or slices, not tuple
*-*-*-*-*-*-*-*-*-*-*-*-*-*-*-*-*-*-*-*-*-*-*-*
== TEST (2019-06-25 13:21:03) 
-- CODE:
m=	[
	[0,2,11,6,15,11,1],
	[2,0,7,12,4,2,15],
	[11,7,0,11,8,3,13],
	[6,12,11,0,10,2,1],
	[15,4,8,10,0,5,13],
	[11,2,3,2,5,0,14],
	[1,15,13,1,13,14,0]]

k=input("posicao linha:")
l=input("posicao coluna:")


while(k!=-1):
	v=int(k[0])-1
	j=int(l[0])-1
	k=input("posicao linha:")
	l=input("posicao coluna:")
print(m[k])
-- ERROR:
Traceback (most recent call last):
  File "XXXX", line 18, in <module>
    l=input()
EOFError: EOF when reading a line
*-*-*-*-*-*-*-*-*-*-*-*-*-*-*-*-*-*-*-*-*-*-*-*
== TEST (2019-06-25 13:21:12) 
-- CODE:
m=	[
	[0,2,11,6,15,11,1],
	[2,0,7,12,4,2,15],
	[11,7,0,11,8,3,13],
	[6,12,11,0,10,2,1],
	[15,4,8,10,0,5,13],
	[11,2,3,2,5,0,14],
	[1,15,13,1,13,14,0]]

k=input("posicao linha:")
l=input("posicao coluna:")


while(k!=-1):
	v=int(k[0])-1
	j=int(l[0])-1
	k=input("posicao linha:")
	l=input("posicao coluna:")
print(m[k])
-- ERROR:
Traceback (most recent call last):
  File "XXXX", line 18, in <module>
    l=input()
EOFError: EOF when reading a line
*-*-*-*-*-*-*-*-*-*-*-*-*-*-*-*-*-*-*-*-*-*-*-*
== TEST (2019-06-25 13:21:55) 
-- CODE:
m=	[
	[0,2,11,6,15,11,1],
	[2,0,7,12,4,2,15],
	[11,7,0,11,8,3,13],
	[6,12,11,0,10,2,1],
	[15,4,8,10,0,5,13],
	[11,2,3,2,5,0,14],
	[1,15,13,1,13,14,0]]

k=input("posicao linha:")
l=input("posicao coluna:")


while(int(k)!=-1):
	v=int(k[0])-1
	j=int(l[0])-1
	k=input("posicao linha:")
	l=input("posicao coluna:")
print(m[k])
-- ERROR:
Traceback (most recent call last):
  File "XXXX", line 18, in <module>
    l=input()
EOFError: EOF when reading a line
*-*-*-*-*-*-*-*-*-*-*-*-*-*-*-*-*-*-*-*-*-*-*-*
== TEST (2019-06-25 13:22:32) 
-- CODE:
m=	[
	[0,2,11,6,15,11,1],
	[2,0,7,12,4,2,15],
	[11,7,0,11,8,3,13],
	[6,12,11,0,10,2,1],
	[15,4,8,10,0,5,13],
	[11,2,3,2,5,0,14],
	[1,15,13,1,13,14,0]]

k=input("posicao linha:")
l=input("posicao coluna:")


while(int(k)!=-1):
	v=int(k[0])-1
	j=int(l[0])-1
	k=input("posicao linha:")
	l=input("posicao coluna:")
print(m[v][j])
-- ERROR:
Traceback (most recent call last):
  File "XXXX", line 18, in <module>
    l=input()
EOFError: EOF when reading a line
*-*-*-*-*-*-*-*-*-*-*-*-*-*-*-*-*-*-*-*-*-*-*-*
== TEST (2019-06-25 13:23:30) 
-- CODE:
m=	[
	[0,2,11,6,15,11,1],
	[2,0,7,12,4,2,15],
	[11,7,0,11,8,3,13],
	[6,12,11,0,10,2,1],
	[15,4,8,10,0,5,13],
	[11,2,3,2,5,0,14],
	[1,15,13,1,13,14,0]]

k=input("posicao linha:")
l=input("posicao coluna:")

a=0
b=0

while(int(k)!=-1):
	v=int(k[0])-1
	j=int(l[0])-1
	a+=v
	b+=j
	k=input("posicao linha:")
	l=input("posicao coluna:")
	
print(a+b)
-- ERROR:
Traceback (most recent call last):
  File "XXXX", line 22, in <module>
    l=input()
EOFError: EOF when reading a line
*-*-*-*-*-*-*-*-*-*-*-*-*-*-*-*-*-*-*-*-*-*-*-*
== TEST (2019-06-25 13:24:48) 
-- CODE:
m=	[
	[0,2,11,6,15,11,1],
	[2,0,7,12,4,2,15],
	[11,7,0,11,8,3,13],
	[6,12,11,0,10,2,1],
	[15,4,8,10,0,5,13],
	[11,2,3,2,5,0,14],
	[1,15,13,1,13,14,0]]

k=input("posicao linha:")
l=input("posicao coluna:")

a=0
b=0

while(int(k)!=-1):
	v=int(k[0])-1
	j=int(l[0])-1
	a=a+m[v][j]
	k=input("posicao linha:")
	l=input("posicao coluna:")
	
print(a)
-- ERROR:
Traceback (most recent call last):
  File "XXXX", line 21, in <module>
    l=input()
EOFError: EOF when reading a line
*-*-*-*-*-*-*-*-*-*-*-*-*-*-*-*-*-*-*-*-*-*-*-*
== TEST (2019-06-25 13:25:21) 
-- CODE:
m=	[
	[0,2,11,6,15,11,1],
	[2,0,7,12,4,2,15],
	[11,7,0,11,8,3,13],
	[6,12,11,0,10,2,1],
	[15,4,8,10,0,5,13],
	[11,2,3,2,5,0,14],
	[1,15,13,1,13,14,0]]

k=input("posicao linha:")
l=input("posicao coluna:")

a=0
b=0

while(int(k)!=-1):
	v=int(k[0])-1
	j=int(l[0])-1
	a=a+m[v][j]
	b=b+m[v][j]
	k=input("posicao linha:")
	l=input("posicao coluna:")
	
print(a+b)
-- ERROR:
Traceback (most recent call last):
  File "XXXX", line 22, in <module>
    l=input()
EOFError: EOF when reading a line
*-*-*-*-*-*-*-*-*-*-*-*-*-*-*-*-*-*-*-*-*-*-*-*
== TEST (2019-06-25 13:25:35) 
-- CODE:
m=	[
	[0,2,11,6,15,11,1],
	[2,0,7,12,4,2,15],
	[11,7,0,11,8,3,13],
	[6,12,11,0,10,2,1],
	[15,4,8,10,0,5,13],
	[11,2,3,2,5,0,14],
	[1,15,13,1,13,14,0]]

k=input("posicao linha:")
l=input("posicao coluna:")

a=0
b=0

while(int(k)!=-1):
	v=int(k[0])-1
	j=int(l[0])-1
	a=a+m[v][j]
	b=b+m[v][j]
	k=input("posicao linha:")
	l=input("posicao coluna:")
	
print(a+b)
-- ERROR:
Traceback (most recent call last):
  File "XXXX", line 22, in <module>
    l=input()
EOFError: EOF when reading a line
*-*-*-*-*-*-*-*-*-*-*-*-*-*-*-*-*-*-*-*-*-*-*-*
== SUBMITION (2019-06-25 13:26:51) 
-- CODE:
m=	[
	[0,2,11,6,15,11,1],
	[2,0,7,12,4,2,15],
	[11,7,0,11,8,3,13],
	[6,12,11,0,10,2,1],
	[15,4,8,10,0,5,13],
	[11,2,3,2,5,0,14],
	[1,15,13,1,13,14,0]]

k=input("posicao linha:")
l=input("posicao coluna:")

a=0
b=0

while(int(k)!=-1):
	v=int(k[0])-1
	j=int(l[0])-1
	a=a+m[v][j]
	k=input("posicao linha:")
	l=input("posicao coluna:")
	
print(a)
-- EXECUTION TIME:
0.710033
-- ERROR:
Traceback (most recent call last):
  File "/home/codebench/codes/1838/1278/main.py", line 21, in <module>
    l=input()
EOFError: EOF when reading a line

*-*-*-*-*-*-*-*-*-*-*-*-*-*-*-*-*-*-*-*-*-*-*-*
== TEST (2019-06-26 01:29:57) 
-- CODE:
m=	[
	[0,2,11,6,15,11,1],
	[2,0,7,12,4,2,15],
	[11,7,0,11,8,3,13],
	[6,12,11,0,10,2,1],
	[15,4,8,10,0,5,13],
	[11,2,3,2,5,0,14],
	[1,15,13,1,13,14,0]]

k=input("posicao linha:")
l=input("posicao coluna:")

a=0

while(int(k)!=-1):
	v=int(k[0])-1
	j=int(l[0])-1
	a=m[v][j]
	k=input("posicao linha:")
	l=input("posicao coluna:")
	
print(a)
-- ERROR:
Traceback (most recent call last):
  File "XXXX", line 20, in <module>
    l=input()
EOFError: EOF when reading a line
*-*-*-*-*-*-*-*-*-*-*-*-*-*-*-*-*-*-*-*-*-*-*-*
== TEST (2019-06-26 01:31:38) 
-- CODE:
m=	[
	[0,2,11,6,15,11,1],
	[2,0,7,12,4,2,15],
	[11,7,0,11,8,3,13],
	[6,12,11,0,10,2,1],
	[15,4,8,10,0,5,13],
	[11,2,3,2,5,0,14],
	[1,15,13,1,13,14,0]]

k=input("posicao linha:")
l=input("posicao coluna:")

a=0

while(int(k)!=-1):
	v=int(k[0])-1
	j=int(l[0])-1
	a=m[v][j]
	k=input("posicao linha:")
	l=input("posicao coluna:")
	
print(a)
-- ERROR:
Traceback (most recent call last):
  File "XXXX", line 20, in <module>
    l=input()
EOFError: EOF when reading a line
*-*-*-*-*-*-*-*-*-*-*-*-*-*-*-*-*-*-*-*-*-*-*-*
== TEST (2019-06-26 01:31:57) 
-- CODE:
m=	[
	[0,2,11,6,15,11,1],
	[2,0,7,12,4,2,15],
	[11,7,0,11,8,3,13],
	[6,12,11,0,10,2,1],
	[15,4,8,10,0,5,13],
	[11,2,3,2,5,0,14],
	[1,15,13,1,13,14,0]]

k=input("posicao linha:")
l=input("posicao coluna:")

a=0

while(int(k)!=-1):
	v=int(k[0])-1
	j=int(l[0])-1
	a=m[v][j]
	k=input("posicao linha:")
	l=input("posicao coluna:")
	
print(a)
-- ERROR:
Traceback (most recent call last):
  File "XXXX", line 20, in <module>
    l=input()
EOFError: EOF when reading a line
*-*-*-*-*-*-*-*-*-*-*-*-*-*-*-*-*-*-*-*-*-*-*-*
== TEST (2019-06-26 01:33:48) 
-- CODE:
m=	[
	[0,2,11,6,15,11,1],
	[2,0,7,12,4,2,15],
	[11,7,0,11,8,3,13],
	[6,12,11,0,10,2,1],
	[15,4,8,10,0,5,13],
	[11,2,3,2,5,0,14],
	[1,15,13,1,13,14,0]]

k=input("posicao linha:")
l=input("posicao coluna:")

a=0

while(int(k)!=-1):
	v=int(k[0])-1
	j=int(l[0])-1
	a=m[v][j]
	k=input("posicao linha:")
	l=input("posicao coluna:")
	
print(a)
-- ERROR:
Traceback (most recent call last):
  File "XXXX", line 20, in <module>
    l=input()
EOFError: EOF when reading a line
*-*-*-*-*-*-*-*-*-*-*-*-*-*-*-*-*-*-*-*-*-*-*-*
== TEST (2019-06-26 01:36:03) 
-- CODE:
m=	[
	[0,2,11,6,15,11,1],
	[2,0,7,12,4,2,15],
	[11,7,0,11,8,3,13],
	[6,12,11,0,10,2,1],
	[15,4,8,10,0,5,13],
	[11,2,3,2,5,0,14],
	[1,15,13,1,13,14,0]]

k=input("posicao linha:")
l=input("posicao coluna:")

a=0

while(int(k)!=-1):
	v=int(k[0])-1
	j=int(l[0])-1
	a=m[v][j]
	k=input("posicao linha:")
	l=input("posicao coluna:")
	
print(a)
-- ERROR:
Traceback (most recent call last):
  File "XXXX", line 20, in <module>
    l=input()
EOFError: EOF when reading a line
*-*-*-*-*-*-*-*-*-*-*-*-*-*-*-*-*-*-*-*-*-*-*-*
== TEST (2019-06-26 01:37:21) 
-- CODE:
m=	[
	[0,2,11,6,15,11,1],
	[2,0,7,12,4,2,15],
	[11,7,0,11,8,3,13],
	[6,12,11,0,10,2,1],
	[15,4,8,10,0,5,13],
	[11,2,3,2,5,0,14],
	[1,15,13,1,13,14,0]]

k=input("posicao linha:")
l=input("posicao coluna:")

a=0

while(int(k)!=-1):
	v=int(k[0])-1
	j=int(l[0])-1
	a=a+m[v][j]
	k=input("posicao linha:")
	l=input("posicao coluna:")
	
print(a)
-- ERROR:
Traceback (most recent call last):
  File "XXXX", line 20, in <module>
    l=input()
EOFError: EOF when reading a line
*-*-*-*-*-*-*-*-*-*-*-*-*-*-*-*-*-*-*-*-*-*-*-*
== SUBMITION (2019-06-26 01:37:43) 
-- CODE:
m=	[
	[0,2,11,6,15,11,1],
	[2,0,7,12,4,2,15],
	[11,7,0,11,8,3,13],
	[6,12,11,0,10,2,1],
	[15,4,8,10,0,5,13],
	[11,2,3,2,5,0,14],
	[1,15,13,1,13,14,0]]

k=input("posicao linha:")
l=input("posicao coluna:")

a=0

while(int(k)!=-1):
	v=int(k[0])-1
	j=int(l[0])-1
	a=a+m[v][j]
	k=input("posicao linha:")
	l=input("posicao coluna:")
	
print(a)
-- EXECUTION TIME:
0.728885
-- ERROR:
Traceback (most recent call last):
  File "/home/codebench/codes/1838/1278/main.py", line 20, in <module>
    l=input()
EOFError: EOF when reading a line

*-*-*-*-*-*-*-*-*-*-*-*-*-*-*-*-*-*-*-*-*-*-*-*
== TEST (2019-06-26 01:38:39) 
-- CODE:
m=	[
	[0,2,11,6,15,11,1],
	[2,0,7,12,4,2,15],
	[11,7,0,11,8,3,13],
	[6,12,11,0,10,2,1],
	[15,4,8,10,0,5,13],
	[11,2,3,2,5,0,14],
	[1,15,13,1,13,14,0]]

k=input("posicao linha:")
l=input("posicao coluna:")

a=0

while(int(k)!=-1):
	v=int(k[0])-1
	j=int(l[0])-1
	a=a+m[v][j]
	k=input("posicao linha:")
	l=input("posicao coluna:")
	
print(a)
-- ERROR:
Traceback (most recent call last):
  File "XXXX", line 20, in <module>
    l=input()
EOFError: EOF when reading a line
*-*-*-*-*-*-*-*-*-*-*-*-*-*-*-*-*-*-*-*-*-*-*-*
== TEST (2019-06-26 01:38:39) 
-- CODE:
m=	[
	[0,2,11,6,15,11,1],
	[2,0,7,12,4,2,15],
	[11,7,0,11,8,3,13],
	[6,12,11,0,10,2,1],
	[15,4,8,10,0,5,13],
	[11,2,3,2,5,0,14],
	[1,15,13,1,13,14,0]]

k=input("posicao linha:")
l=input("posicao coluna:")

a=0

while(int(k)!=-1):
	v=int(k[0])-1
	j=int(l[0])-1
	a=a+m[v][j]
	k=input("posicao linha:")
	l=input("posicao coluna:")
	
print(a)
-- ERROR:
Traceback (most recent call last):
  File "XXXX", line 20, in <module>
    l=input()
EOFError: EOF when reading a line
*-*-*-*-*-*-*-*-*-*-*-*-*-*-*-*-*-*-*-*-*-*-*-*
== TEST (2019-06-26 01:39:32) 
-- CODE:
m=	[
	[0,2,11,6,15,11,1],
	[2,0,7,12,4,2,15],
	[11,7,0,11,8,3,13],
	[6,12,11,0,10,2,1],
	[15,4,8,10,0,5,13],
	[11,2,3,2,5,0,14],
	[1,15,13,1,13,14,0]]

k=input("posicao linha:")
l=input("posicao coluna:")

a=0

while(int(k)!=-1):
	v=int(k[0])-1
	j=int(l[0])-1
	a=a+m[v][j]
	k=input("posicao linha:")
	l=input("posicao coluna:")
	
print(a)
-- ERROR:
Traceback (most recent call last):
  File "XXXX", line 20, in <module>
    l=input()
EOFError: EOF when reading a line
*-*-*-*-*-*-*-*-*-*-*-*-*-*-*-*-*-*-*-*-*-*-*-*
== TEST (2019-06-26 01:41:19) 
-- CODE:
m=	[
	[0,2,11,6,15,11,1],
	[2,0,7,12,4,2,15],
	[11,7,0,11,8,3,13],
	[6,12,11,0,10,2,1],
	[15,4,8,10,0,5,13],
	[11,2,3,2,5,0,14],
	[1,15,13,1,13,14,0]]

k=input("posicao linha:")
l=input("posicao coluna:")

a=0

while(int(k)!=-1 or int(l)!=-1):
	v=int(k[0])-1
	j=int(l[0])-1
	a=a+m[v][j]
	k=input("posicao linha:")
	l=input("posicao coluna:")
	
print(a)
-- ERROR:
Traceback (most recent call last):
  File "XXXX", line 20, in <module>
    l=input()
EOFError: EOF when reading a line
*-*-*-*-*-*-*-*-*-*-*-*-*-*-*-*-*-*-*-*-*-*-*-*
== TEST (2019-06-26 01:43:02) 
-- CODE:
m=	[
	[0,2,11,6,15,11,1],
	[2,0,7,12,4,2,15],
	[11,7,0,11,8,3,13],
	[6,12,11,0,10,2,1],
	[15,4,8,10,0,5,13],
	[11,2,3,2,5,0,14],
	[1,15,13,1,13,14,0]]

l=input("posicao coluna:")
k=input("posicao linha:")


a=0

while(int(l)!=-1):
	v=int(k[0])-1
	j=int(l[0])-1
	a=a+m[v][j]
	l=input("posicao coluna:")
	k=input("posicao linha:")
	
print(a)
-- ERROR:
Traceback (most recent call last):
  File "XXXX", line 21, in <module>
    k=input()
EOFError: EOF when reading a line
*-*-*-*-*-*-*-*-*-*-*-*-*-*-*-*-*-*-*-*-*-*-*-*
== TEST (2019-06-26 01:46:43) 
-- CODE:
m=	[
	[0,2,11,6,15,11,1],
	[2,0,7,12,4,2,15],
	[11,7,0,11,8,3,13],
	[6,12,11,0,10,2,1],
	[15,4,8,10,0,5,13],
	[11,2,3,2,5,0,14],
	[1,15,13,1,13,14,0]]

l=input("posicao coluna:")
k=input("posicao linha:")


a=0

while(int(l)!=-1):
	v=int(k[0])-1
	j=int(l[0])-1
	a=a+m[v][j]
	l=input("posicao coluna:")
	k=input("posicao linha:")
	
print(a)
-- ERROR:
Traceback (most recent call last):
  File "XXXX", line 21, in <module>
    k=input()
EOFError: EOF when reading a line
*-*-*-*-*-*-*-*-*-*-*-*-*-*-*-*-*-*-*-*-*-*-*-*
== SUBMITION (2019-06-26 01:47:07) 
-- CODE:
m=	[
	[0,2,11,6,15,11,1],
	[2,0,7,12,4,2,15],
	[11,7,0,11,8,3,13],
	[6,12,11,0,10,2,1],
	[15,4,8,10,0,5,13],
	[11,2,3,2,5,0,14],
	[1,15,13,1,13,14,0]]

l=input("posicao coluna:")
k=input("posicao linha:")


a=0

while(int(l)!=-1):
	v=int(k[0])-1
	j=int(l[0])-1
	a=a+m[v][j]
	l=input("posicao coluna:")
	k=input("posicao linha:")
	
print(a)
-- EXECUTION TIME:
0.891467
-- ERROR:
Traceback (most recent call last):
  File "/home/codebench/codes/1838/1278/main.py", line 21, in <module>
    k=input()
EOFError: EOF when reading a line

*-*-*-*-*-*-*-*-*-*-*-*-*-*-*-*-*-*-*-*-*-*-*-*
== TEST (2019-06-26 01:51:01) 
-- CODE:
m=	[
	[0,2,11,6,15,11,1],
	[2,0,7,12,4,2,15],
	[11,7,0,11,8,3,13],
	[6,12,11,0,10,2,1],
	[15,4,8,10,0,5,13],
	[11,2,3,2,5,0,14],
	[1,15,13,1,13,14,0]]

k=input("posicao linha:")
l=input("posicao coluna:")

a=0

while(int(k)!=-1 or int(l)!=-1):
	v=int(k[0])-1
	j=int(l[0])-1
	a=a+m[v][j]
	k=input("posicao linha:")
	l=input("posicao coluna:")
	
print(a)
-- ERROR:
Traceback (most recent call last):
  File "XXXX", line 20, in <module>
    l=input()
EOFError: EOF when reading a line
*-*-*-*-*-*-*-*-*-*-*-*-*-*-*-*-*-*-*-*-*-*-*-*
== TEST (2019-06-26 01:53:35) 
-- CODE:
m=	[
	[0,2,11,6,15,11,1],
	[2,0,7,12,4,2,15],
	[11,7,0,11,8,3,13],
	[6,12,11,0,10,2,1],
	[15,4,8,10,0,5,13],
	[11,2,3,2,5,0,14],
	[1,15,13,1,13,14,0]]

k=input("posicao linha:")
l=input("posicao coluna:")

a=0
d=0
while(int(k)!=-1 or int(l)!=-1):
	v=int(k[0])-1
	j=int(l[0])-1
	a=a+m[v][j]
	
	l=input("posicao coluna:")
	j=int(l[0])-1
	a=a+m[v][j]
	k=input("posicao linha:")
	
print(a)
-- ERROR:
Traceback (most recent call last):
  File "XXXX", line 21, in <module>
    j=int(l[0])-1
ValueError: invalid literal for int() with base 10: '-'
*-*-*-*-*-*-*-*-*-*-*-*-*-*-*-*-*-*-*-*-*-*-*-*
== TEST (2019-06-26 01:54:21) 
-- CODE:
m=	[
	[0,2,11,6,15,11,1],
	[2,0,7,12,4,2,15],
	[11,7,0,11,8,3,13],
	[6,12,11,0,10,2,1],
	[15,4,8,10,0,5,13],
	[11,2,3,2,5,0,14],
	[1,15,13,1,13,14,0]]

k=input("posicao linha:")
l=input("posicao coluna:")

a=0
d=0
while(int(k)!=-1):
	v=int(k[0])-1
	j=int(l[0])-1
	a=a+m[v][j]
	
	l=input("posicao coluna:")
	j=int(l[0])-1
	a=a+m[v][j]
	k=input("posicao linha:")
	
print(a)
-- ERROR:
Traceback (most recent call last):
  File "XXXX", line 21, in <module>
    j=int(l[0])-1
ValueError: invalid literal for int() with base 10: '-'
*-*-*-*-*-*-*-*-*-*-*-*-*-*-*-*-*-*-*-*-*-*-*-*
== TEST (2019-06-26 01:55:13) 
-- CODE:
m=	[
	[0,2,11,6,15,11,1],
	[2,0,7,12,4,2,15],
	[11,7,0,11,8,3,13],
	[6,12,11,0,10,2,1],
	[15,4,8,10,0,5,13],
	[11,2,3,2,5,0,14],
	[1,15,13,1,13,14,0]]

k=input("posicao linha:")
l=input("posicao coluna:")

a=0
d=0
while(int(k)!=-1):
	v=int(k[0])-1
	j=int(l[0])-1
	a=a+m[v][j]
	
	l=input("posicao coluna:")
	j=int(l[0])-1
	a=a+m[v][j]
	k=input("posicao linha:")
	
print(a)
-- ERROR:
Traceback (most recent call last):
  File "XXXX", line 21, in <module>
    j=int(l[0])-1
ValueError: invalid literal for int() with base 10: '-'
*-*-*-*-*-*-*-*-*-*-*-*-*-*-*-*-*-*-*-*-*-*-*-*
== TEST (2019-06-26 01:55:20) 
-- CODE:
m=	[
	[0,2,11,6,15,11,1],
	[2,0,7,12,4,2,15],
	[11,7,0,11,8,3,13],
	[6,12,11,0,10,2,1],
	[15,4,8,10,0,5,13],
	[11,2,3,2,5,0,14],
	[1,15,13,1,13,14,0]]

k=input("posicao linha:")
l=input("posicao coluna:")

a=0
d=0
while(int(k)!=-1):
	v=int(k[0])-1
	j=int(l[0])-1
	a=a+m[v][j]
	
	l=input("posicao coluna:")
	j=int(l[0])-1
	a=a+m[v][j]
	k=input("posicao linha:")
	
print(a)
-- ERROR:
Traceback (most recent call last):
  File "XXXX", line 21, in <module>
    j=int(l[0])-1
ValueError: invalid literal for int() with base 10: '-'
*-*-*-*-*-*-*-*-*-*-*-*-*-*-*-*-*-*-*-*-*-*-*-*
== TEST (2019-06-26 01:55:39) 
-- CODE:
m=	[
	[0,2,11,6,15,11,1],
	[2,0,7,12,4,2,15],
	[11,7,0,11,8,3,13],
	[6,12,11,0,10,2,1],
	[15,4,8,10,0,5,13],
	[11,2,3,2,5,0,14],
	[1,15,13,1,13,14,0]]

k=input("posicao linha:")
l=input("posicao coluna:")

a=0
d=0
while(int(k)!=-1):
	v=int(k[0])-1
	j=int(l[0])-1
	a=a+m[v][j]
	
	l=input("posicao coluna:")
	j=int(l[0])-1
	a=a+m[v][j]
	k=input("posicao linha:")
	
print(a)
-- ERROR:
Traceback (most recent call last):
  File "XXXX", line 21, in <module>
    j=int(l[0])-1
ValueError: invalid literal for int() with base 10: '-'
*-*-*-*-*-*-*-*-*-*-*-*-*-*-*-*-*-*-*-*-*-*-*-*
== TEST (2019-06-26 01:56:12) 
-- CODE:
m=	[
	[0,2,11,6,15,11,1],
	[2,0,7,12,4,2,15],
	[11,7,0,11,8,3,13],
	[6,12,11,0,10,2,1],
	[15,4,8,10,0,5,13],
	[11,2,3,2,5,0,14],
	[1,15,13,1,13,14,0]]

k=input("posicao linha:")
l=input("posicao coluna:")

a=0
d=0
while(int(l)!=-1):
	v=int(k[0])-1
	j=int(l[0])-1
	a=a+m[v][j]
	
	l=input("posicao coluna:")
	j=int(l[0])-1
	a=a+m[v][j]
	k=input("posicao linha:")
	
print(a)
-- ERROR:
Traceback (most recent call last):
  File "XXXX", line 21, in <module>
    j=int(l[0])-1
ValueError: invalid literal for int() with base 10: '-'
*-*-*-*-*-*-*-*-*-*-*-*-*-*-*-*-*-*-*-*-*-*-*-*
== TEST (2019-06-26 01:56:43) 
-- CODE:
m=	[
	[0,2,11,6,15,11,1],
	[2,0,7,12,4,2,15],
	[11,7,0,11,8,3,13],
	[6,12,11,0,10,2,1],
	[15,4,8,10,0,5,13],
	[11,2,3,2,5,0,14],
	[1,15,13,1,13,14,0]]

k=input("posicao linha:")
l=input("posicao coluna:")

a=0
d=0
while(int(l)!=-1):
	v=int(k[0])-1
	j=int(l[0])-1
	a=a+m[v][j]
	
	l=input("posicao coluna:")
	k=input("posicao linha:")
	
print(a)
-- ERROR:
Traceback (most recent call last):
  File "XXXX", line 21, in <module>
    k=input()
EOFError: EOF when reading a line
*-*-*-*-*-*-*-*-*-*-*-*-*-*-*-*-*-*-*-*-*-*-*-*
== TEST (2019-06-26 01:58:20) 
-- CODE:
m=	[
	[0,2,11,6,15,11,1],
	[2,0,7,12,4,2,15],
	[11,7,0,11,8,3,13],
	[6,12,11,0,10,2,1],
	[15,4,8,10,0,5,13],
	[11,2,3,2,5,0,14],
	[1,15,13,1,13,14,0]]



a=0
d=0
while(int(l)!=-1):
	l=input("posicao coluna:")
	k=input("posicao linha:")
	v=int(k[0])-1
	j=int(l[0])-1
	a=a+m[v][j]
	
	
	
print(a)
-- ERROR:
Traceback (most recent call last):
  File "XXXX", line 14, in <module>
    while(int(l)!=-1):
NameError: name 'l' is not defined
*-*-*-*-*-*-*-*-*-*-*-*-*-*-*-*-*-*-*-*-*-*-*-*
== TEST (2019-06-26 01:59:07) 
-- CODE:
m=	[
	[0,2,11,6,15,11,1],
	[2,0,7,12,4,2,15],
	[11,7,0,11,8,3,13],
	[6,12,11,0,10,2,1],
	[15,4,8,10,0,5,13],
	[11,2,3,2,5,0,14],
	[1,15,13,1,13,14,0]]

k=input("posicao linha:")
l=input("posicao coluna:")

a=0
d=0
while(int(l)!=-1):
	v=int(k[0])-1
	j=int(l[0])-1
	a=a+m[v][j]
	
	l=input("posicao coluna:")
	k=input("posicao linha:")
	
print(a)
-- ERROR:
Traceback (most recent call last):
  File "XXXX", line 21, in <module>
    k=input()
EOFError: EOF when reading a line
*-*-*-*-*-*-*-*-*-*-*-*-*-*-*-*-*-*-*-*-*-*-*-*
== TEST (2019-06-26 02:02:11) 
-- CODE:
m=	[
	[0,2,11,6,15,11,1],
	[2,0,7,12,4,2,15],
	[11,7,0,11,8,3,13],
	[6,12,11,0,10,2,1],
	[15,4,8,10,0,5,13],
	[11,2,3,2,5,0,14],
	[1,15,13,1,13,14,0]]

k=input("posicao linha:")
l=input("posicao coluna:")

a=0
d=0
while(int(l)!=-1):
	v=int(k[0])-1
	j=int(l[0])-1
	a=a+m[v][j]
	d=j
	k=input("posicao linha:")
	v=int(k[0])-1
	a=a+m[v][d]
	l=input("posicao coluna:")
	
print(a)
-- ERROR:
Traceback (most recent call last):
  File "XXXX", line 21, in <module>
    v=int(k[0])-1
ValueError: invalid literal for int() with base 10: '-'
*-*-*-*-*-*-*-*-*-*-*-*-*-*-*-*-*-*-*-*-*-*-*-*
== TEST (2019-06-26 02:02:19) 
-- CODE:
m=	[
	[0,2,11,6,15,11,1],
	[2,0,7,12,4,2,15],
	[11,7,0,11,8,3,13],
	[6,12,11,0,10,2,1],
	[15,4,8,10,0,5,13],
	[11,2,3,2,5,0,14],
	[1,15,13,1,13,14,0]]

k=input("posicao linha:")
l=input("posicao coluna:")

a=0
d=0
while(int(l)!=-1):
	v=int(k[0])-1
	j=int(l[0])-1
	a=a+m[v][j]
	d=j
	k=input("posicao linha:")
	v=int(k[0])-1
	a=a+m[v][d]
	l=input("posicao coluna:")
	
print(a)
-- ERROR:
Traceback (most recent call last):
  File "XXXX", line 21, in <module>
    v=int(k[0])-1
ValueError: invalid literal for int() with base 10: '-'
*-*-*-*-*-*-*-*-*-*-*-*-*-*-*-*-*-*-*-*-*-*-*-*
== TEST (2019-06-26 02:04:51) 
-- CODE:
m=	[
	[0,2,11,6,15,11,1],
	[2,0,7,12,4,2,15],
	[11,7,0,11,8,3,13],
	[6,12,11,0,10,2,1],
	[15,4,8,10,0,5,13],
	[11,2,3,2,5,0,14],
	[1,15,13,1,13,14,0]]

k=input("posicao linha:")
l=input("posicao coluna:")

a=0
d=0
v=int(k[0])-1
j=int(l[0])-1
a=a+m[v][j]
d=j
while(int(k)!=-1):
	d=j
	k=input("posicao linha:")
	v=int(k[0])-1
	a=a+m[v][d]
	l=input("posicao coluna:")
	j=int(l[0])-1
print(a)
-- ERROR:
Traceback (most recent call last):
  File "XXXX", line 22, in <module>
    v=int(k[0])-1
ValueError: invalid literal for int() with base 10: '-'
*-*-*-*-*-*-*-*-*-*-*-*-*-*-*-*-*-*-*-*-*-*-*-*
== TEST (2019-06-26 02:06:10) 
-- CODE:
m=	[
	[0,2,11,6,15,11,1],
	[2,0,7,12,4,2,15],
	[11,7,0,11,8,3,13],
	[6,12,11,0,10,2,1],
	[15,4,8,10,0,5,13],
	[11,2,3,2,5,0,14],
	[1,15,13,1,13,14,0]]

k=input("posicao linha:")
l=input("posicao coluna:")

a=0
d=0
while(int(l)!=-1):
	v=int(k[0])-1
	j=int(l[0])-1
	a=a+m[v][j]
	d=j
	if(int(k)==-1):
		print(a)
	else:
		k=input("posicao linha:")
		v=int(k[0])-1
		a=a+m[v][d]
		l=input("posicao coluna:")
	
print(a)
-- ERROR:
Traceback (most recent call last):
  File "XXXX", line 24, in <module>
    v=int(k[0])-1
ValueError: invalid literal for int() with base 10: '-'
*-*-*-*-*-*-*-*-*-*-*-*-*-*-*-*-*-*-*-*-*-*-*-*
== TEST (2019-06-26 02:09:22) 
-- CODE:
m=	[
	[0,2,11,6,15,11,1],
	[2,0,7,12,4,2,15],
	[11,7,0,11,8,3,13],
	[6,12,11,0,10,2,1],
	[15,4,8,10,0,5,13],
	[11,2,3,2,5,0,14],
	[1,15,13,1,13,14,0]]

k=input("posicao linha:")
l=input("posicao coluna:")

a=0
d=0
while(int(l)!=-1):
	v=int(k[0])-1
	j=int(l[0])-1
	a=a+m[v][j]
	d=j
	k=input("posicao linha:")
	
print(a)
-- ERROR:
Traceback (most recent call last):
  File "XXXX", line 16, in <module>
    v=int(k[0])-1
ValueError: invalid literal for int() with base 10: '-'
*-*-*-*-*-*-*-*-*-*-*-*-*-*-*-*-*-*-*-*-*-*-*-*
== TEST (2019-06-26 02:09:52) 
-- CODE:
m=	[
	[0,2,11,6,15,11,1],
	[2,0,7,12,4,2,15],
	[11,7,0,11,8,3,13],
	[6,12,11,0,10,2,1],
	[15,4,8,10,0,5,13],
	[11,2,3,2,5,0,14],
	[1,15,13,1,13,14,0]]

k=input("posicao linha:")
l=input("posicao coluna:")

a=0
d=0
while(int(k)!=-1 or int(l)!=-1):
	v=int(k[0])-1
	j=int(l[0])-1
	a=a+m[v][j]
	d=j
	k=input("posicao linha:")
	
print(a)
-- ERROR:
Traceback (most recent call last):
  File "XXXX", line 16, in <module>
    v=int(k[0])-1
ValueError: invalid literal for int() with base 10: '-'
*-*-*-*-*-*-*-*-*-*-*-*-*-*-*-*-*-*-*-*-*-*-*-*
== TEST (2019-06-26 02:10:10) 
-- CODE:
m=	[
	[0,2,11,6,15,11,1],
	[2,0,7,12,4,2,15],
	[11,7,0,11,8,3,13],
	[6,12,11,0,10,2,1],
	[15,4,8,10,0,5,13],
	[11,2,3,2,5,0,14],
	[1,15,13,1,13,14,0]]

k=input("posicao linha:")
l=input("posicao coluna:")

a=0
d=0
while(int(k)!=-1 or int(l)!=-1):
	v=int(k[0])-1
	j=int(l[0])-1
	a=a+m[v][j]
	d=j
	k=input("posicao linha:")
	
print(a)
-- ERROR:
Traceback (most recent call last):
  File "XXXX", line 16, in <module>
    v=int(k[0])-1
ValueError: invalid literal for int() with base 10: '-'
*-*-*-*-*-*-*-*-*-*-*-*-*-*-*-*-*-*-*-*-*-*-*-*
== TEST (2019-06-26 02:10:18) 
-- CODE:
m=	[
	[0,2,11,6,15,11,1],
	[2,0,7,12,4,2,15],
	[11,7,0,11,8,3,13],
	[6,12,11,0,10,2,1],
	[15,4,8,10,0,5,13],
	[11,2,3,2,5,0,14],
	[1,15,13,1,13,14,0]]

k=input("posicao linha:")
l=input("posicao coluna:")

a=0
d=0
while(int(k)!=-1 or int(l)!=-1):
	v=int(k[0])-1
	j=int(l[0])-1
	a=a+m[v][j]
	d=j
	k=input("posicao linha:")
	
print(a)
-- ERROR:
Traceback (most recent call last):
  File "XXXX", line 16, in <module>
    v=int(k[0])-1
ValueError: invalid literal for int() with base 10: '-'
*-*-*-*-*-*-*-*-*-*-*-*-*-*-*-*-*-*-*-*-*-*-*-*
== TEST (2019-06-26 02:11:15) 
-- CODE:
m=	[
	[0,2,11,6,15,11,1],
	[2,0,7,12,4,2,15],
	[11,7,0,11,8,3,13],
	[6,12,11,0,10,2,1],
	[15,4,8,10,0,5,13],
	[11,2,3,2,5,0,14],
	[1,15,13,1,13,14,0]]

k=input("posicao linha:")
l=input("posicao coluna:")

a=0
d=0
while(int(k)>-1):
	v=int(k[0])-1
	j=int(l[0])-1
	a=a+m[v][j]
	d=j
	k=input("posicao linha:")
	
print(a)
-- OUTPUT:
28
*-*-*-*-*-*-*-*-*-*-*-*-*-*-*-*-*-*-*-*-*-*-*-*
== TEST (2019-06-26 02:11:31) 
-- CODE:
m=	[
	[0,2,11,6,15,11,1],
	[2,0,7,12,4,2,15],
	[11,7,0,11,8,3,13],
	[6,12,11,0,10,2,1],
	[15,4,8,10,0,5,13],
	[11,2,3,2,5,0,14],
	[1,15,13,1,13,14,0]]

k=input("posicao linha:")
l=input("posicao coluna:")

a=0
d=0
while(int(k)>-1):
	v=int(k[0])-1
	j=int(l[0])-1
	a=a+m[v][j]
	d=j
	k=input("posicao linha:")
	
print(a)
-- OUTPUT:
28
*-*-*-*-*-*-*-*-*-*-*-*-*-*-*-*-*-*-*-*-*-*-*-*
== TEST (2019-06-26 02:13:01) 
-- CODE:
m=	[
	[0,2,11,6,15,11,1],
	[2,0,7,12,4,2,15],
	[11,7,0,11,8,3,13],
	[6,12,11,0,10,2,1],
	[15,4,8,10,0,5,13],
	[11,2,3,2,5,0,14],
	[1,15,13,1,13,14,0]]

k=input("posicao linha:")
l=input("posicao coluna:")

a=0
while(int(k)>-1):
	v=int(k[0])-1
	j=int(l[0])-1
	a=a+m[v][j]
	d=j
	k=input("posicao linha:")
	
print(a)
-- OUTPUT:
28
*-*-*-*-*-*-*-*-*-*-*-*-*-*-*-*-*-*-*-*-*-*-*-*
== TEST (2019-06-26 02:17:18) 
-- CODE:
m=	[
	[0,2,11,6,15,11,1],
	[2,0,7,12,4,2,15],
	[11,7,0,11,8,3,13],
	[6,12,11,0,10,2,1],
	[15,4,8,10,0,5,13],
	[11,2,3,2,5,0,14],
	[1,15,13,1,13,14,0]]

k=input("posicao linha:")
l=input("posicao coluna:")

a=0
while(int(k)>-1):
	v=int(k[0])-1
	j=int(l[0])-1
	a=a+m[v][j]
	d=j
	k=input("posicao linha:")
	while(int(k)>-1):
		v=int(k[0])-1
		j=int(l[0])-1
		a=a+m[v][j]
		e=k
		l=input("posicao coluna:")
print(a)
-- ERROR:
Traceback (most recent call last):
  File "XXXX", line 22, in <module>
    j=int(l[0])-1
ValueError: invalid literal for int() with base 10: '-'
*-*-*-*-*-*-*-*-*-*-*-*-*-*-*-*-*-*-*-*-*-*-*-*
== TEST (2019-06-26 02:17:47) 
-- CODE:
m=	[
	[0,2,11,6,15,11,1],
	[2,0,7,12,4,2,15],
	[11,7,0,11,8,3,13],
	[6,12,11,0,10,2,1],
	[15,4,8,10,0,5,13],
	[11,2,3,2,5,0,14],
	[1,15,13,1,13,14,0]]

k=input("posicao linha:")
l=input("posicao coluna:")

a=0
while(int(k)>-1):
	v=int(k[0])-1
	j=int(l[0])-1
	a=a+m[v][j]
	d=j
	k=input("posicao linha:")
	while(int(l)>-1):
		v=int(k[0])-1
		j=int(l[0])-1
		a=a+m[v][j]
		e=k
		l=input("posicao coluna:")
print(a)
-- ERROR:
Traceback (most recent call last):
  File "XXXX", line 16, in <module>
    j=int(l[0])-1
ValueError: invalid literal for int() with base 10: '-'
*-*-*-*-*-*-*-*-*-*-*-*-*-*-*-*-*-*-*-*-*-*-*-*
== TEST (2019-06-26 02:18:11) 
-- CODE:
m=	[
	[0,2,11,6,15,11,1],
	[2,0,7,12,4,2,15],
	[11,7,0,11,8,3,13],
	[6,12,11,0,10,2,1],
	[15,4,8,10,0,5,13],
	[11,2,3,2,5,0,14],
	[1,15,13,1,13,14,0]]

k=input("posicao linha:")
l=input("posicao coluna:")

a=0
while(int(l)>-1):
	v=int(k[0])-1
	j=int(l[0])-1
	a=a+m[v][j]
	d=j
	k=input("posicao linha:")
	while(int(l)>-1):
		v=int(k[0])-1
		j=int(l[0])-1
		a=a+m[v][j]
		e=k
		l=input("posicao coluna:")
print(a)
-- OUTPUT:
24
*-*-*-*-*-*-*-*-*-*-*-*-*-*-*-*-*-*-*-*-*-*-*-*
== SUBMITION (2019-06-26 02:18:26) 
-- CODE:
m=	[
	[0,2,11,6,15,11,1],
	[2,0,7,12,4,2,15],
	[11,7,0,11,8,3,13],
	[6,12,11,0,10,2,1],
	[15,4,8,10,0,5,13],
	[11,2,3,2,5,0,14],
	[1,15,13,1,13,14,0]]

k=input("posicao linha:")
l=input("posicao coluna:")

a=0
while(int(l)>-1):
	v=int(k[0])-1
	j=int(l[0])-1
	a=a+m[v][j]
	d=j
	k=input("posicao linha:")
	while(int(l)>-1):
		v=int(k[0])-1
		j=int(l[0])-1
		a=a+m[v][j]
		e=k
		l=input("posicao coluna:")
print(a)
-- EXECUTION TIME:
0.819534
-- TEST CASE 1:
---- input:
333
555
666
111
-1

---- correct output:
24
---- user output:
24
-- TEST CASE 2:
---- input:
222
777
555
333
666
111
-1

---- correct output:
50
---- user output:
56
-- TEST CASE 3:
---- input:
111
222
111
333
111
555
111
777
-1

---- correct output:
57
---- user output:
31
-- GRADE:
33%
*-*-*-*-*-*-*-*-*-*-*-*-*-*-*-*-*-*-*-*-*-*-*-*
== TEST (2019-06-26 02:18:54) 
-- CODE:
m=	[
	[0,2,11,6,15,11,1],
	[2,0,7,12,4,2,15],
	[11,7,0,11,8,3,13],
	[6,12,11,0,10,2,1],
	[15,4,8,10,0,5,13],
	[11,2,3,2,5,0,14],
	[1,15,13,1,13,14,0]]

k=input("posicao linha:")
l=input("posicao coluna:")

a=0
while(int(l)>-1 and int(k)>-1):
	v=int(k[0])-1
	j=int(l[0])-1
	a=a+m[v][j]
	d=j
	k=input("posicao linha:")
	while(int(l)>-1 and int(k)>-1):
		v=int(k[0])-1
		j=int(l[0])-1
		a=a+m[v][j]
		e=k
		l=input("posicao coluna:")
print(a)
-- OUTPUT:
24
*-*-*-*-*-*-*-*-*-*-*-*-*-*-*-*-*-*-*-*-*-*-*-*
== SUBMITION (2019-06-26 02:19:12) 
-- CODE:
m=	[
	[0,2,11,6,15,11,1],
	[2,0,7,12,4,2,15],
	[11,7,0,11,8,3,13],
	[6,12,11,0,10,2,1],
	[15,4,8,10,0,5,13],
	[11,2,3,2,5,0,14],
	[1,15,13,1,13,14,0]]

k=input("posicao linha:")
l=input("posicao coluna:")

a=0
while(int(l)>-1 and int(k)>-1):
	v=int(k[0])-1
	j=int(l[0])-1
	a=a+m[v][j]
	d=j
	k=input("posicao linha:")
	while(int(l)>-1 and int(k)>-1):
		v=int(k[0])-1
		j=int(l[0])-1
		a=a+m[v][j]
		e=k
		l=input("posicao coluna:")
print(a)
-- EXECUTION TIME:
0.85352
-- TEST CASE 1:
---- input:
333
555
666
111
-1

---- correct output:
24
---- user output:
24
-- TEST CASE 2:
---- input:
222
777
555
333
666
111
-1

---- correct output:
50
---- user output:
56
-- TEST CASE 3:
---- input:
111
222
111
333
111
555
111
777
-1

---- correct output:
57
---- user output:
31
-- GRADE:
33%
*-*-*-*-*-*-*-*-*-*-*-*-*-*-*-*-*-*-*-*-*-*-*-*
== TEST (2019-06-26 02:20:13) 
-- CODE:
m=	[
	[0,2,11,6,15,11,1],
	[2,0,7,12,4,2,15],
	[11,7,0,11,8,3,13],
	[6,12,11,0,10,2,1],
	[15,4,8,10,0,5,13],
	[11,2,3,2,5,0,14],
	[1,15,13,1,13,14,0]]

k=input("posicao linha:")
l=input("posicao coluna:")

a=0
while(int(l)>-1 and int(k)>-1):
	v=int(k[0])-1
	j=int(l[0])-1
	a=a+m[v][j]
	d=j
	k=input("posicao linha:")
	while(int(l)>-1 and int(k)>-1):
		v=int(k[0])-1
		j=int(l[0])-1
		a=a+m[v][j]
		e=k
		l=input("posicao coluna:")
print(a)
-- OUTPUT:
24
*-*-*-*-*-*-*-*-*-*-*-*-*-*-*-*-*-*-*-*-*-*-*-*
== TEST (2019-06-26 02:20:20) 
-- CODE:
m=	[
	[0,2,11,6,15,11,1],
	[2,0,7,12,4,2,15],
	[11,7,0,11,8,3,13],
	[6,12,11,0,10,2,1],
	[15,4,8,10,0,5,13],
	[11,2,3,2,5,0,14],
	[1,15,13,1,13,14,0]]

k=input("posicao linha:")
l=input("posicao coluna:")

a=0
while(int(l)>-1 and int(k)>-1):
	v=int(k[0])-1
	j=int(l[0])-1
	a=a+m[v][j]
	d=j
	k=input("posicao linha:")
	while(int(l)>-1 and int(k)>-1):
		v=int(k[0])-1
		j=int(l[0])-1
		a=a+m[v][j]
		e=k
		l=input("posicao coluna:")
print(a)
-- OUTPUT:
24
*-*-*-*-*-*-*-*-*-*-*-*-*-*-*-*-*-*-*-*-*-*-*-*
== TEST (2019-06-26 02:21:29) 
-- CODE:
m=	[
	[0,2,11,6,15,11,1],
	[2,0,7,12,4,2,15],
	[11,7,0,11,8,3,13],
	[6,12,11,0,10,2,1],
	[15,4,8,10,0,5,13],
	[11,2,3,2,5,0,14],
	[1,15,13,1,13,14,0]]

k=input("posicao linha:")
l=input("posicao coluna:")

a=0
while(int(l)>-1 and int(k)>-1):
	v=int(k[0])-1
	j=int(l[0])-1
	a=a+m[v][j]
	d=j
	k=input("posicao linha:")
	while(int(l)>-1 and int(k)>-1):
		v=int(k[0])-1
		j=int(l[0])-1
		a=a+m[v][j]
		e=k
		l=input("posicao coluna:")
print(a)
-- OUTPUT:
24
*-*-*-*-*-*-*-*-*-*-*-*-*-*-*-*-*-*-*-*-*-*-*-*
== TEST (2019-06-26 02:22:10) 
-- CODE:
m=	[
	[0,2,11,6,15,11,1],
	[2,0,7,12,4,2,15],
	[11,7,0,11,8,3,13],
	[6,12,11,0,10,2,1],
	[15,4,8,10,0,5,13],
	[11,2,3,2,5,0,14],
	[1,15,13,1,13,14,0]]

k=input("posicao linha:")
l=input("posicao coluna:")

a=0
while(int(l)>-1 and int(k)>-1):
	v=int(k[0])-1
	j=int(l[0])-1
	a=a+m[v][j]
	d=j
	k=input("posicao linha:")
	while(int(l)>-1 and int(k)>-1):
		v=int(k[0])-1
		j=int(l[0])-1
		a=a+m[v][j]
		e=k
		l=input("posicao coluna:")
print(a)
-- OUTPUT:
24
*-*-*-*-*-*-*-*-*-*-*-*-*-*-*-*-*-*-*-*-*-*-*-*
== TEST (2019-06-26 02:22:36) 
-- CODE:
m=	[
	[0,2,11,6,15,11,1],
	[2,0,7,12,4,2,15],
	[11,7,0,11,8,3,13],
	[6,12,11,0,10,2,1],
	[15,4,8,10,0,5,13],
	[11,2,3,2,5,0,14],
	[1,15,13,1,13,14,0]]

k=input("posicao linha:")
l=input("posicao coluna:")

a=0
while(int(l)>-1 and int(k)>-1):
	v=int(k[0])-1
	j=int(l[0])-1
	a=a+m[v][j]
	d=j
	k=input("posicao linha:")
	while(int(l)>-1 and int(k)>-1):
		v=int(k[0])-1
		j=int(l[0])-1
		a=a+m[v][j]
		e=k
		l=input("posicao coluna:")
print(a)
-- OUTPUT:
24
*-*-*-*-*-*-*-*-*-*-*-*-*-*-*-*-*-*-*-*-*-*-*-*
== SUBMITION (2019-06-26 02:24:10) 
-- CODE:
m=	[
	[0,2,11,6,15,11,1],
	[2,0,7,12,4,2,15],
	[11,7,0,11,8,3,13],
	[6,12,11,0,10,2,1],
	[15,4,8,10,0,5,13],
	[11,2,3,2,5,0,14],
	[1,15,13,1,13,14,0]]

k=input("posicao linha:")
l=input("posicao coluna:")

a=0
while(int(l)>-1 and int(k)>-1):
	v=int(k[0])-1
	j=int(l[0])-1
	a=a+m[v][j]
	d=j
	k=input("posicao linha:")
	while(int(l)>-1 and int(k)>-1):
		v=int(k[0])-1
		j=int(l[0])-1
		a=a+m[v][j]
		e=k
		l=input("posicao coluna:")
print(a)
-- EXECUTION TIME:
0.804367
-- TEST CASE 1:
---- input:
333
555
666
111
-1

---- correct output:
24
---- user output:
24
-- TEST CASE 2:
---- input:
222
777
555
333
666
111
-1

---- correct output:
50
---- user output:
56
-- TEST CASE 3:
---- input:
111
222
