== TEST (2019-07-09 15:43:25) 
-- CODE:
from numpy import * 
quadro = array ([
[0,2,11,6,15,11,1],
[2,0,7,12,4,2,15],
[11,7,0,11,8,3,13],
[6,12,11,0,10,2,1],
[15,4,8,10,0,5,13],
[11,2,3,2,5,0,14],
[1,15,13,1,13,14,0]
])

C1 = int(input("primeira cidade:"))
C2= int(input("segunda cidade:"))

i= C1/111 - 1
j= C2/111 - 1
x=quadro[i,j]
print(x)
-- ERROR:
Traceback (most recent call last):
  File "XXXX", line 1, in <module>
    from numpy import * 
ModuleNotFoundError: No module named 'numpy'
*-*-*-*-*-*-*-*-*-*-*-*-*-*-*-*-*-*-*-*-*-*-*-*
== TEST (2019-07-09 15:43:49) 
-- CODE:
from numpy import * 
quadro = array ([
[0,2,11,6,15,11,1],
[2,0,7,12,4,2,15],
[11,7,0,11,8,3,13],
[6,12,11,0,10,2,1],
[15,4,8,10,0,5,13],
[11,2,3,2,5,0,14],
[1,15,13,1,13,14,0]
])

C1 = int(input("primeira cidade:"))
C2= int(input("segunda cidade:"))

i= C1/111 - 1
j= C2/111 - 1
x=quadro[i,j]
print(x)
-- ERROR:
Traceback (most recent call last):
  File "XXXX", line 1, in <module>
    from numpy import * 
ModuleNotFoundError: No module named 'numpy'
*-*-*-*-*-*-*-*-*-*-*-*-*-*-*-*-*-*-*-*-*-*-*-*
== TEST (2019-07-09 15:47:43) 
-- CODE:
from numpy import * 
quadro = array([
[0,2,11,6,15,11,1],
[2,0,7,12,4,2,15],
[11,7,0,11,8,3,13],
[6,12,11,0,10,2,1],
[15,4,8,10,0,5,13],
[11,2,3,2,5,0,14],
[1,15,13,1,13,14,0]
])

C1 = int(input("primeira cidade:"))
C2= int(input("segunda cidade:"))

i= C1/111 - 1
j= C2/111 - 1
x= quadro[i,j]
print(x)
-- ERROR:
Traceback (most recent call last):
  File "XXXX", line 1, in <module>
    from numpy import * 
ModuleNotFoundError: No module named 'numpy'
*-*-*-*-*-*-*-*-*-*-*-*-*-*-*-*-*-*-*-*-*-*-*-*
== TEST (2019-07-09 15:51:12) 
-- CODE:
from numpy import * 
from numpy.linalg import * 
quadro = array([
[0,2,11,6,15,11,1],
[2,0,7,12,4,2,15],
[11,7,0,11,8,3,13],
[6,12,11,0,10,2,1],
[15,4,8,10,0,5,13],
[11,2,3,2,5,0,14],
[1,15,13,1,13,14,0]
])

C1 = int(input("primeira cidade:"))
C2= int(input("segunda cidade:"))

i= C1/111 - 1
j= C2/111 - 1
x= quadro[i,j]
print(x)
-- ERROR:
Traceback (most recent call last):
  File "XXXX", line 1, in <module>
    from numpy import * 
ModuleNotFoundError: No module named 'numpy'
*-*-*-*-*-*-*-*-*-*-*-*-*-*-*-*-*-*-*-*-*-*-*-*
== TEST (2019-07-09 15:51:56) 
-- CODE:
from numpy import * 
from numpy.linalg import * 
quadro = array([
[0,2,11,6,15,11,1],
[2,0,7,12,4,2,15],
[11,7,0,11,8,3,13],
[6,12,11,0,10,2,1],
[15,4,8,10,0,5,13],
[11,2,3,2,5,0,14],
[1,15,13,1,13,14,0]
])

C1 = int(input("primeira cidade:"))
C2= int(input("segunda cidade:"))

i= C1/111 - 1
j= C2/111 - 1
x= quadro[i,j]
print(x)
-- ERROR:
Traceback (most recent call last):
  File "XXXX", line 1, in <module>
    from numpy import * 
ModuleNotFoundError: No module named 'numpy'
*-*-*-*-*-*-*-*-*-*-*-*-*-*-*-*-*-*-*-*-*-*-*-*
